$ANSIBLE_VAULT;1.1;AES256
33613738383362613764343664343262623738363163326632303735656535313735623661623262
6336383334613731366461316466666538323232373733370a633939636663653636613861666263
30323734306138303038366261323062656432343132393536393063346538303733616262363730
6261303438636138310a613765653331313664633964366636333564373865666266633132323533
33393266633063333663643166363763343362323633646162356164386561306664633231373035
64663030333261366465303565353231306361656334663637326162626532323936373963383561
35353138653737656338323863623063333239636130623963643665306230303132396665313934
33616132363937393664333634333030353561336539306335653865333637353439333931303039
35666533386334613261316134353033353132363736366661366430663663316538653935356531
31343136393833333061626462376462343762373337653739336461333234663061303662366664
61666333366430336236363863633830333036323862316463333735393732613135626331663066
34653732353065663539333231386333613062643433376361316662356533303535316236613865
30316236363132363634373536653634313934626635303933623330326531353866303363333135
32613766303137353234383961626265333632333635633962353864396230366462633032653561
66643834666262623161626637383864316233353631373765653363626261353936336335623366
61316235666335363461353037366366353038343263366337646236663632313361626438653662
37623938626365623861613465346561636235376266333132613538666138613734326361616565
31313933343364346230363230376435376638636665386531343432653331323862313836323465
61306437643262323063663461306466333966313433323536626631333863383333346439396139
30646264663435643633643731666239343235313230363066643139353633363934623634393533
34616261353835373665323063356462336531616563316164363264316335626537373266626666
35636261373933626562653531393161323333663665393337383463633165666165333662633539
30663131383236366632666239396634323462616662326636616364323766383532623539396662
66326564653861313562336165666461383330663965303832396339323237613533656131643462
63373261386666313638306232633066333462323666313463613433336339363235366263636565
64346464363966313439643231643264333233336634623764633661623934383932323435643934
32333464626631323230643535316631353734343739643865653737623164343132366165393639
37333861386635353338653361383065653861383431326136393839336562633137353364363634
63383832663466373133613232396263356538393733393733343965323264613663663962656665
36613435373531656131666363386637653337373132643434616161346537653630353766303837
64323065356166346632313337343936393635393262316638336630323936393562646663633635
38303565643661303130653131346237333835646162396535636336623435356131633164636563
31363265306533313862376266623663373666313731313438336435313935666333646163636264
63343361303031303634393930313336386435383533666638373065633163303361346339666235
38376235326665336631346462333636363666363730626538313762396439336130633338336531
32303464636234373938363033653261653465373565653936623437336661623335643431613662
37326264663861343864636137393035613566656635646238306338363134613133366637323666
31393634633736653238326263646537326365363861356332346566643633616163386564386565
61313664653638613633613934613231356334326666383830376632633161316661363038626663
62393538306261353366326165346635626332393265653130346364336561363361616439623935
38393931386237363164356639376165643639663330373366353431373963333439653130366437
38313639383338383632396630373335343635643432306338616362383033336537616633636235
35626161626165666661636636643564643530346337323730643361616536373461653834656534
61643539306530343666613964663839383535613834636362343261336432323363336366343835
65393230653731316631653339303936643835303666383733313262396633346433306133363433
62323664343033366231643762633833376131336561666463343231643039363833333965646662
62353662306131333238353037393732366636376138306561303264333066326134333333343062
35613563643237623161313264623366393132623730363433663730353361303762393233643764
33353161393630623936363734306236616135393562653662313564373339363063323932373332
36613539656131393735646661626466356436623666336632326166343564646539313538323831
63376266306134663830306563373163316233626465663130383030656237393963653537383832
30643963363862366366343064633934326563346565666363346565383730393266626236643664
61386138303864373562316236626333666462643465303766356239373138303665313061313466
66383230623731666535346633616631333661393137656463373666613963373934383139656433
38386662373137393564353131663639366162656364643065353366663161316662353739373364
61393964613432633531346539663330353035373036326539343663643137643330383431373633
66336235326230323938366335373630386436643063323930616238353335656135363665326235
61396662366361396265663365636539393035373964306564363862393936313837623262633938
32663038636230336536656531646639363934383764306337663237306336653161633338393334
63343437626466356231383834663037353763633063373931383531366163613162396136376361
64316161646264343937633230343064353235333165366530666636383738303235313265306238
62616665613535376666393061626434636333373633303437326262333561333765303439653332
61626663396237386365393464643761343739646563356439356665306566366235613161366232
65356333373434653938313766623733303165663833333334633832343466343136363363303137
32346266643561383835383966343666653938303033343533636638373764633833393232396334
63343361346537396162646638353561363330343036343763343931303334376463326130663765
64656466326632396536373763386537363135366264306563333530323864336136366330306432
37646635373231366362323962663433346130663739643262373238383635623965623762383132
35616439373161353966383036373230366138303837363239653637616163313632616334343631
39396334333532343735306634333263363964623339336265323332636666626263373837373639
65363336646364623061313265396663656436663037383733663863653561363735323736336531
62313761653761313861306664643735626134336232653039346461306365313863396636323533
39343733343031663164303632613835363966316133343766613731373036333365653531316635
30373139633066383163646136323736613835626536666638663463353461663464323566393032
31616639666633333731616630383562373036376164313964303737643233653233366562633131
62346535623332306231383665303662623130616138626633316363336638356339656164326639
65643337626533303239626234313339326131393033373834626165356139303537383435633031
65393036336361393134363732633866383534303966306465663036363139353137373230316666
34333039393562343635303165613839623731626332653039343333383466333535343666393763
65326365393064393562323662373334653461613163346261643735363266376232313030366231
37656264316564363430373363663066313863336662653537373937343937616137653561376133
38343639353936336362303930396161353135636130373562313532366563326536636262303863
34626430653139616466306364653665303536633736643566396332666431623432663237353837
37636265646664376666346130653864623537353034393534373562363438353339363566633030
37393232643666383136306461616133373964633166653433616434333563623934656130656538
31626266333735653136313330393530663764303036646237623836306134373138653930313730
33396561323435643363393836623834613937323063386136653633346161383261646565383036
36343337316366363431663164323162666465356636336462363034626336343265303839336432
61313035373634613234633231663465333734616334633433346136646633366634663763346634
38323033373031363861353035633130383233373832373963376366623730653237613964353733
38303036346637396662333835663861623839626662383230333032313862386263653531666565
64363730346163306331663735373464366463623637373037663036356265653962303064626535
66653938316166376531336663666164656663353430376164376564303366353364373161333764
37646130613764396463383233663139313239653331323135666433383866323664356463323861
38616433386262393038343662616130626431663331383262343966393539616563396631633832
65393032343665303463386238386531303066636233303334383836383730373237623337663665
34386666663234623263363865393661303565653731316230366636353236623932636566383433
65326464636632623535623062396338633530333836383539333238353163323031633865356164
35626537663164333230333131303632353831356630343537623131303365363631343637313030
32323935383236633530306533386230306138633331376238663936353535333164393432383038
30333534633135623961313135616537613561353963343061313664313364646565316233643565
36323639383830613636663066643233626564306139313366666565383431663734323934356430
36666139346138303664363131633366363831326430393366303637306566313230396563366136
33666162326366306139646138393036346530343436656365623164366136633762613535363666
36343665393730373865383532383863613430323161623664613139666365633165316433353633
37366339663434306234386237623537313038336233333531396531396133353139613264313063
62383139386533393964663665333536643233626564306433313436313237393638353830343661
32636531316238636437356361636364636234373861393963323164343863616535653464373266
30653563383332643737306566363933313838383630666130373262373836653164656162643330
37373534343330376634383435643733336235333466653335303636616430316566313433633036
38333962616238316332326239663736373034623234643136376635316132646232633762323035
39343633306530356636613864303134373136303734663331303364373734376533633062653866
37633832626632623439616639326361373031333334346430626431366532623435663438316631
34333738343332356538316163346162626464633161613032623930386137316366636565316165
65366638626666396430323235643166333764393735616264376335396532643433623335366162
61373339313639643166653130323939343263396437623839303762303431343163343435353661
64383866303737343761663564363738313731336331663634616166666437323362653138653432
61653533363535346438363364653332386233636665316133643637306235656433313339326236
66663036373335353062313939666138373535626665316230313434363531363764666334356235
39343037663839633438613238653063613235353930343736636365303838623037343332316366
33636631316163353732363334306139643932616234373439613061303932616339393735616137
63306164313336346139353135326365616666666633336632346332396261633964323935643937
32316162643265303734656164613134623732336339383465663466383062333439363265343733
32373361636462393037346533616339346336333138373438643133316166343864636436396239
36643833326539376333626664656537643839386633383338373766363261363933356533373535
36666265303537376162323231313064363237626132353035386631646235626264363937383636
36306436336462616237626236643232616263666166336134323665313135313162626538336264
34633735653061333736333337333338313635393130656363373432336433353731363239353362
61633433356333383834656164653861393863316565656366316630306363363232303139323162
39313436306433393438633933326136653161383339636232653436653730366332306236376466
39333339326162373464346166326431663636633837313562663234663564646630616631306531
39386432393836656365643866376233366335366637393431303033326130643236646362306364
30653830316433313834633062343130353531633332303633386263376662616238386232653062
63636235626163653838303063366361303666353739373732653930373863333663306532393036
34323132323466376233313461306432616133613461633165663763333061346562303831393338
33613161653532353863346638303930383937316361613066313565373362633863386235363864
66366139653434366163613534366562343563386638323062663764666131653231613630643633
61343931353638663661393236383565626435623331623866363831623862393139393139393362
36396234336666633832353563306438383961383462653837616566383564353739393939663130
65313639346336636638663737356331303861616561333063383130353565363263333366613431
32323633663062326364323362323930333931393565376637373462356364326165333463616263
66666537616136336131386433393564376561396338316262646461333939623432313734633263
63396635383831323865626166643139653938323434613031353339666563653065343461653761
37356661653864656530333361363364313133326138633263396261633732363563353938313837
34613036376263646563623266346337663438366534616631386231623033306439613361646532
30333466656364323761373637653337326232353130313866373931313035643638663239626162
66663139623832373366633838383537363234393633646666393064376162633230626532666331
37666132353336346161346231383466366437363231643861333437393339383135366563313737
63643161306438343462616135363163396238333064663736323531623262363562656134363765
36313238343732623832373238636535313439363030366435316430373834393866646431666437
30386332313461323037643261663166396135383331613363643964336331623066316431383736
62643030646463353934383239653937663834393864643562643837303738316333653461666539
37633430626237373264346131633138303436346531353335633966623033356264353830326363
32643536356530373030613938666331313239613836623930633739633264373532346561616364
35663831633732396335663835393566646430313266336234336633323164376263373934666561
64363435613838623839353331613439366239366431396663643233633362363665323638373566
31663331643838383464346565643336393230653263396663366532306636353030613232333430
64356138303563353836656663613035626535653664303637336462343033646133633134323135
38376331616465653463333265646461336534666663333638366666656362643435393464636364
37613439326336373263653631323433643434333834626335373331326165613862663633646538
32383334623335336663306363343537623438373235616633376236653137626434613666656266
61353363396362666132386466323930303431336534313039393435666662356364646639363935
62623466356233343062633939393337316265613961666239303133326238663034643261396230
31663737373833646131323238653563343130623037653261626165373331656137336531353362
66616638316165653963343066356634393636326465613532653730333563346331663038313662
39326631316465306232646365646436313364323136313630653761656437323631363537373837
34373339393039346435323037623037613063306330366661343330343338396165616262643563
38613664656133396237636164313163393836386633333162336663346638646439373439353238
66653537313636656662656130353133333036363835653435623965316236353333636538616230
61353537303236373762666437383761316138303034643936623965313863386237373831333935
36376438303065343964386464636431656533376631353232393232643063633437636466373738
66613832366238316132353235386266646134386466383137346136663533663430383236353666
33323463636632346532393438343135613238316564383933376465376662323834
